1,0,0
1,0.023438,0
1,0.046875,0
1,0.070313,0
1,0.09375,0
1,0.11719,0
1,0.14063,0
1,0.16406,0
1,0.1875,0
1,0.21094,0
1,0.23438,0
1,0.25781,0
1,0.28125,0
1,0.30469,0
1,0.32813,0
1,0.35156,0
1,0.375,0
1,0.39844,0
1,0.42188,0
1,0.44531,0
1,0.46875,0
1,0.49219,0
1,0.51563,0
1,0.53906,0
1,0.5625,0
1,0.58594,0
1,0.60938,0
1,0.63281,0
1,0.65625,0
1,0.67969,0
1,0.70313,0
1,0.72656,0
1,0.75,0
1,0.77344,0
1,0.79688,0
1,0.82031,0
1,0.84375,0
1,0.86719,0
1,0.89063,0
1,0.91406,0
1,0.9375,0
1,0.96094,0
1,0.98438,0
0.99219,1,0
0.96875,1,0
0.94531,1,0
0.92188,1,0
0.89844,1,0
0.875,1,0
0.85156,1,0
0.82813,1,0
0.80469,1,0
0.78125,1,0
0.75781,1,0
0.73438,1,0
0.71094,1,0
0.6875,1,0
0.66406,1,0
0.64063,1,0
0.61719,1,0
0.59375,1,0
0.57031,1,0
0.54688,1,0
0.52344,1,0
0.5,1,0
0.47656,1,0
0.45313,1,0
0.42969,1,0
0.40625,1,0
0.38281,1,0
0.35938,1,0
0.33594,1,0
0.3125,1,0
0.28906,1,0
0.26563,1,0
0.24219,1,0
0.21875,1,0
0.19531,1,0
0.17188,1,0
0.14844,1,0
0.125,1,0
0.10156,1,0
0.078125,1,0
0.054688,1,0
0.03125,1,0
0.0078125,1,0
0,1,0.015625
0,1,0.039063
0,1,0.0625
0,1,0.085938
0,1,0.10938
0,1,0.13281
0,1,0.15625
0,1,0.17969
0,1,0.20313
0,1,0.22656
0,1,0.25
0,1,0.27344
0,1,0.29688
0,1,0.32031
0,1,0.34375
0,1,0.36719
0,1,0.39063
0,1,0.41406
0,1,0.4375
0,1,0.46094
0,1,0.48438
0,1,0.50781
0,1,0.53125
0,1,0.55469
0,1,0.57813
0,1,0.60156
0,1,0.625
0,1,0.64844
0,1,0.67188
0,1,0.69531
0,1,0.71875
0,1,0.74219
0,1,0.76563
0,1,0.78906
0,1,0.8125
0,1,0.83594
0,1,0.85938
0,1,0.88281
0,1,0.90625
0,1,0.92969
0,1,0.95313
0,1,0.97656
0,1,1
0,0.97656,1
0,0.95313,1
0,0.92969,1
0,0.90625,1
0,0.88281,1
0,0.85938,1
0,0.83594,1
0,0.8125,1
0,0.78906,1
0,0.76563,1
0,0.74219,1
0,0.71875,1
0,0.69531,1
0,0.67188,1
0,0.64844,1
0,0.625,1
0,0.60156,1
0,0.57813,1
0,0.55469,1
0,0.53125,1
0,0.50781,1
0,0.48438,1
0,0.46094,1
0,0.4375,1
0,0.41406,1
0,0.39063,1
0,0.36719,1
0,0.34375,1
0,0.32031,1
0,0.29688,1
0,0.27344,1
0,0.25,1
0,0.22656,1
0,0.20313,1
0,0.17969,1
0,0.15625,1
0,0.13281,1
0,0.10938,1
0,0.085938,1
0,0.0625,1
0,0.039063,1
0,0.015625,1
0.0078125,0,1
0.03125,0,1
0.054688,0,1
0.078125,0,1
0.10156,0,1
0.125,0,1
0.14844,0,1
0.17188,0,1
0.19531,0,1
0.21875,0,1
0.24219,0,1
0.26563,0,1
0.28906,0,1
0.3125,0,1
0.33594,0,1
0.35938,0,1
0.38281,0,1
0.40625,0,1
0.42969,0,1
0.45313,0,1
0.47656,0,1
0.5,0,1
0.52344,0,1
0.54688,0,1
0.57031,0,1
0.59375,0,1
0.61719,0,1
0.64063,0,1
0.66406,0,1
0.6875,0,1
0.71094,0,1
0.73438,0,1
0.75781,0,1
0.78125,0,1
0.80469,0,1
0.82813,0,1
0.85156,0,1
0.875,0,1
0.89844,0,1
0.92188,0,1
0.94531,0,1
0.96875,0,1
0.99219,0,1
1,0,0.98438
1,0,0.96094
1,0,0.9375
1,0,0.91406
1,0,0.89063
1,0,0.86719
1,0,0.84375
1,0,0.82031
1,0,0.79688
1,0,0.77344
1,0,0.75
1,0,0.72656
1,0,0.70313
1,0,0.67969
1,0,0.65625
1,0,0.63281
1,0,0.60938
1,0,0.58594
1,0,0.5625
1,0,0.53906
1,0,0.51563
1,0,0.49219
1,0,0.46875
1,0,0.44531
1,0,0.42188
1,0,0.39844
1,0,0.375
1,0,0.35156
1,0,0.32813
1,0,0.30469
1,0,0.28125
1,0,0.25781
1,0,0.23438
1,0,0.21094
1,0,0.1875
1,0,0.16406
1,0,0.14063
1,0,0.11719
1,0,0.09375
1,0,0.070313
1,0,0.046875
1,0,0.023438
