1,1,1
1,1,0.98438
1,1,0.96875
1,1,0.95313
1,1,0.9375
1,1,0.92188
1,1,0.90625
1,1,0.89063
1,1,0.875
1,1,0.85938
1,1,0.84375
1,1,0.82813
1,1,0.8125
1,1,0.79688
1,1,0.78125
1,1,0.76563
1,1,0.75
1,1,0.73438
1,1,0.71875
1,1,0.70313
1,1,0.6875
1,1,0.67188
1,1,0.65625
1,1,0.64063
1,1,0.625
1,1,0.60938
1,1,0.59375
1,1,0.57813
1,1,0.5625
1,1,0.54688
1,1,0.53125
1,1,0.51563
1,1,0.5
1,1,0.48438
1,1,0.46875
1,1,0.45313
1,1,0.4375
1,1,0.42188
1,1,0.40625
1,1,0.39063
1,1,0.375
1,1,0.35938
1,1,0.34375
1,1,0.32813
1,1,0.3125
1,1,0.29688
1,1,0.28125
1,1,0.26563
1,1,0.25
1,1,0.23438
1,1,0.21875
1,1,0.20313
1,1,0.1875
1,1,0.17188
1,1,0.15625
1,1,0.14063
1,1,0.125
1,1,0.10938
1,1,0.09375
1,1,0.078125
1,1,0.0625
1,1,0.046875
1,1,0.03125
1,1,0.015625
1,1,0
1,0.98958,0
1,0.97917,0
1,0.96875,0
1,0.95833,0
1,0.94792,0
1,0.9375,0
1,0.92708,0
1,0.91667,0
1,0.90625,0
1,0.89583,0
1,0.88542,0
1,0.875,0
1,0.86458,0
1,0.85417,0
1,0.84375,0
1,0.83333,0
1,0.82292,0
1,0.8125,0
1,0.80208,0
1,0.79167,0
1,0.78125,0
1,0.77083,0
1,0.76042,0
1,0.75,0
1,0.73958,0
1,0.72917,0
1,0.71875,0
1,0.70833,0
1,0.69792,0
1,0.6875,0
1,0.67708,0
1,0.66667,0
1,0.65625,0
1,0.64583,0
1,0.63542,0
1,0.625,0
1,0.61458,0
1,0.60417,0
1,0.59375,0
1,0.58333,0
1,0.57292,0
1,0.5625,0
1,0.55208,0
1,0.54167,0
1,0.53125,0
1,0.52083,0
1,0.51042,0
1,0.5,0
1,0.48958,0
1,0.47917,0
1,0.46875,0
1,0.45833,0
1,0.44792,0
1,0.4375,0
1,0.42708,0
1,0.41667,0
1,0.40625,0
1,0.39583,0
1,0.38542,0
1,0.375,0
1,0.36458,0
1,0.35417,0
1,0.34375,0
1,0.33333,0
1,0.32292,0
1,0.3125,0
1,0.30208,0
1,0.29167,0
1,0.28125,0
1,0.27083,0
1,0.26042,0
1,0.25,0
1,0.23958,0
1,0.22917,0
1,0.21875,0
1,0.20833,0
1,0.19792,0
1,0.1875,0
1,0.17708,0
1,0.16667,0
1,0.15625,0
1,0.14583,0
1,0.13542,0
1,0.125,0
1,0.11458,0
1,0.10417,0
1,0.09375,0
1,0.083333,0
1,0.072917,0
1,0.0625,0
1,0.052083,0
1,0.041667,0
1,0.03125,0
1,0.020833,0
1,0.010417,0
1,0,0
0.98958,0,0
0.97917,0,0
0.96875,0,0
0.95833,0,0
0.94792,0,0
0.9375,0,0
0.92708,0,0
0.91667,0,0
0.90625,0,0
0.89583,0,0
0.88542,0,0
0.875,0,0
0.86458,0,0
0.85417,0,0
0.84375,0,0
0.83333,0,0
0.82292,0,0
0.8125,0,0
0.80208,0,0
0.79167,0,0
0.78125,0,0
0.77083,0,0
0.76042,0,0
0.75,0,0
0.73958,0,0
0.72917,0,0
0.71875,0,0
0.70833,0,0
0.69792,0,0
0.6875,0,0
0.67708,0,0
0.66667,0,0
0.65625,0,0
0.64583,0,0
0.63542,0,0
0.625,0,0
0.61458,0,0
0.60417,0,0
0.59375,0,0
0.58333,0,0
0.57292,0,0
0.5625,0,0
0.55208,0,0
0.54167,0,0
0.53125,0,0
0.52083,0,0
0.51042,0,0
0.5,0,0
0.48958,0,0
0.47917,0,0
0.46875,0,0
0.45833,0,0
0.44792,0,0
0.4375,0,0
0.42708,0,0
0.41667,0,0
0.40625,0,0
0.39583,0,0
0.38542,0,0
0.375,0,0
0.36458,0,0
0.35417,0,0
0.34375,0,0
0.33333,0,0
0.32292,0,0
0.3125,0,0
0.30208,0,0
0.29167,0,0
0.28125,0,0
0.27083,0,0
0.26042,0,0
0.25,0,0
0.23958,0,0
0.22917,0,0
0.21875,0,0
0.20833,0,0
0.19792,0,0
0.1875,0,0
0.17708,0,0
0.16667,0,0
0.15625,0,0
0.14583,0,0
0.13542,0,0
0.125,0,0
0.11458,0,0
0.10417,0,0
0.09375,0,0
0.083333,0,0
0.072917,0,0
0.0625,0,0
0.052083,0,0
0.041667,0,0
0.03125,0,0
0.020833,0,0
0.010417,0,0
